
/*
 * Matrice de transition construite comme proposé dans la thèse de Papadopoulos. Cependant je serais d'avis de la traffiquer 
 * un peu histoire de donner des plus grandes probabilités de transition entre un accord et son relatif majeur/mineur
 * histoire d'éliminer d'une certaine manière le biais assez fort lors de la résolution de l'accord. Augmenter la proba
 * de transitionner de l'un à l'autre permettrait au logiciel de se corriger plus facilement.
 * 
 */




public interface CommonsInterface {
	double[][] transitionMatrix =
	{{0.08326400443704936, 0.013935108153078201, 0.05553244592346089, 0.041666666666666664, 0.02780088740987243, 0.06939822518025512, 6.932889628397115E-5, 0.06939822518025512, 0.02780088740987243, 0.041666666666666664, 0.05553244592346089, 0.013935108153078201, 0.03473377703826955, 0.03473377703826955, 0.06246533555185801, 0.007002218524681087, 0.07633111480865223, 0.020867997781475318, 0.04859955629506378, 0.04859955629506378, 0.020867997781475318, 0.07633111480865223, 0.007002218524681087, 0.06246533555185801},
	{0.013935108153078201, 0.08326400443704936, 0.013935108153078201, 0.05553244592346089, 0.041666666666666664, 0.02780088740987243, 0.06939822518025512, 6.932889628397115E-5, 0.06939822518025512, 0.02780088740987243, 0.041666666666666664, 0.05553244592346089, 0.06246533555185801, 0.03473377703826955, 0.03473377703826955, 0.06246533555185801, 0.007002218524681087, 0.07633111480865223, 0.020867997781475318, 0.04859955629506378, 0.04859955629506378, 0.020867997781475318, 0.07633111480865223, 0.007002218524681087},
	{0.05553244592346089, 0.013935108153078201, 0.08326400443704936, 0.013935108153078201, 0.05553244592346089, 0.041666666666666664, 0.02780088740987243, 0.06939822518025512, 6.932889628397115E-5, 0.06939822518025512, 0.02780088740987243, 0.041666666666666664, 0.007002218524681087, 0.06246533555185801, 0.03473377703826955, 0.03473377703826955, 0.06246533555185801, 0.007002218524681087, 0.07633111480865223, 0.020867997781475318, 0.04859955629506378, 0.04859955629506378, 0.020867997781475318, 0.07633111480865223},
	{0.041666666666666664, 0.05553244592346089, 0.013935108153078201, 0.08326400443704936, 0.013935108153078201, 0.05553244592346089, 0.041666666666666664, 0.02780088740987243, 0.06939822518025512, 6.932889628397115E-5, 0.06939822518025512, 0.02780088740987243, 0.07633111480865223, 0.007002218524681087, 0.06246533555185801, 0.03473377703826955, 0.03473377703826955, 0.06246533555185801, 0.007002218524681087, 0.07633111480865223, 0.020867997781475318, 0.04859955629506378, 0.04859955629506378, 0.020867997781475318},
	{0.02780088740987243, 0.041666666666666664, 0.05553244592346089, 0.013935108153078201, 0.08326400443704936, 0.013935108153078201, 0.05553244592346089, 0.041666666666666664, 0.02780088740987243, 0.06939822518025512, 6.932889628397115E-5, 0.06939822518025512, 0.020867997781475318, 0.07633111480865223, 0.007002218524681087, 0.06246533555185801, 0.03473377703826955, 0.03473377703826955, 0.06246533555185801, 0.007002218524681087, 0.07633111480865223, 0.020867997781475318, 0.04859955629506378, 0.04859955629506378},
	{0.06939822518025512, 0.02780088740987243, 0.041666666666666664, 0.05553244592346089, 0.013935108153078201, 0.08326400443704936, 0.013935108153078201, 0.05553244592346089, 0.041666666666666664, 0.02780088740987243, 0.06939822518025512, 6.932889628397115E-5, 0.04859955629506378, 0.020867997781475318, 0.07633111480865223, 0.007002218524681087, 0.06246533555185801, 0.03473377703826955, 0.03473377703826955, 0.06246533555185801, 0.007002218524681087, 0.07633111480865223, 0.020867997781475318, 0.04859955629506378},
	{6.932889628397115E-5, 0.06939822518025512, 0.02780088740987243, 0.041666666666666664, 0.05553244592346089, 0.013935108153078201, 0.08326400443704936, 0.013935108153078201, 0.05553244592346089, 0.041666666666666664, 0.02780088740987243, 0.06939822518025512, 0.04859955629506378, 0.04859955629506378, 0.020867997781475318, 0.07633111480865223, 0.007002218524681087, 0.06246533555185801, 0.03473377703826955, 0.03473377703826955, 0.06246533555185801, 0.007002218524681087, 0.07633111480865223, 0.020867997781475318},
	{0.06939822518025512, 6.932889628397115E-5, 0.06939822518025512, 0.02780088740987243, 0.041666666666666664, 0.05553244592346089, 0.013935108153078201, 0.08326400443704936, 0.013935108153078201, 0.05553244592346089, 0.041666666666666664, 0.02780088740987243, 0.020867997781475318, 0.04859955629506378, 0.04859955629506378, 0.020867997781475318, 0.07633111480865223, 0.007002218524681087, 0.06246533555185801, 0.03473377703826955, 0.03473377703826955, 0.06246533555185801, 0.007002218524681087, 0.07633111480865223},
	{0.02780088740987243, 0.06939822518025512, 6.932889628397115E-5, 0.06939822518025512, 0.02780088740987243, 0.041666666666666664, 0.05553244592346089, 0.013935108153078201, 0.08326400443704936, 0.013935108153078201, 0.05553244592346089, 0.041666666666666664, 0.07633111480865223, 0.020867997781475318, 0.04859955629506378, 0.04859955629506378, 0.020867997781475318, 0.07633111480865223, 0.007002218524681087, 0.06246533555185801, 0.03473377703826955, 0.03473377703826955, 0.06246533555185801, 0.007002218524681087},
	{0.041666666666666664, 0.02780088740987243, 0.06939822518025512, 6.932889628397115E-5, 0.06939822518025512, 0.02780088740987243, 0.041666666666666664, 0.05553244592346089, 0.013935108153078201, 0.08326400443704936, 0.013935108153078201, 0.05553244592346089, 0.007002218524681087, 0.07633111480865223, 0.020867997781475318, 0.04859955629506378, 0.04859955629506378, 0.020867997781475318, 0.07633111480865223, 0.007002218524681087, 0.06246533555185801, 0.03473377703826955, 0.03473377703826955, 0.06246533555185801},
	{0.05553244592346089, 0.041666666666666664, 0.02780088740987243, 0.06939822518025512, 6.932889628397115E-5, 0.06939822518025512, 0.02780088740987243, 0.041666666666666664, 0.05553244592346089, 0.013935108153078201, 0.08326400443704936, 0.013935108153078201, 0.06246533555185801, 0.007002218524681087, 0.07633111480865223, 0.020867997781475318, 0.04859955629506378, 0.04859955629506378, 0.020867997781475318, 0.07633111480865223, 0.007002218524681087, 0.06246533555185801, 0.03473377703826955, 0.03473377703826955},
	{0.013935108153078201, 0.05553244592346089, 0.041666666666666664, 0.02780088740987243, 0.06939822518025512, 6.932889628397115E-5, 0.06939822518025512, 0.02780088740987243, 0.041666666666666664, 0.05553244592346089, 0.013935108153078201, 0.08326400443704936, 0.03473377703826955, 0.06246533555185801, 0.007002218524681087, 0.07633111480865223, 0.020867997781475318, 0.04859955629506378, 0.04859955629506378, 0.020867997781475318, 0.07633111480865223, 0.007002218524681087, 0.06246533555185801, 0.03473377703826955},
	{0.03473377703826955, 0.06246533555185801, 0.007002218524681087, 0.07633111480865223, 0.020867997781475318, 0.04859955629506378, 0.04859955629506378, 0.020867997781475318, 0.07633111480865223, 0.007002218524681087, 0.06246533555185801, 0.03473377703826955, 0.08326400443704936, 0.013935108153078201, 0.05553244592346089, 0.041666666666666664, 0.02780088740987243, 0.06939822518025512, 6.932889628397115E-5, 0.06939822518025512, 0.02780088740987243, 0.041666666666666664, 0.05553244592346089, 0.013935108153078201},
	{0.03473377703826955, 0.03473377703826955, 0.06246533555185801, 0.007002218524681087, 0.07633111480865223, 0.020867997781475318, 0.04859955629506378, 0.04859955629506378, 0.020867997781475318, 0.07633111480865223, 0.007002218524681087, 0.06246533555185801, 0.013935108153078201, 0.08326400443704936, 0.013935108153078201, 0.05553244592346089, 0.041666666666666664, 0.02780088740987243, 0.06939822518025512, 6.932889628397115E-5, 0.06939822518025512, 0.02780088740987243, 0.041666666666666664, 0.05553244592346089},
	{0.06246533555185801, 0.03473377703826955, 0.03473377703826955, 0.06246533555185801, 0.007002218524681087, 0.07633111480865223, 0.020867997781475318, 0.04859955629506378, 0.04859955629506378, 0.020867997781475318, 0.07633111480865223, 0.007002218524681087, 0.05553244592346089, 0.013935108153078201, 0.08326400443704936, 0.013935108153078201, 0.05553244592346089, 0.041666666666666664, 0.02780088740987243, 0.06939822518025512, 6.932889628397115E-5, 0.06939822518025512, 0.02780088740987243, 0.041666666666666664},
	{0.007002218524681087, 0.06246533555185801, 0.03473377703826955, 0.03473377703826955, 0.06246533555185801, 0.007002218524681087, 0.07633111480865223, 0.020867997781475318, 0.04859955629506378, 0.04859955629506378, 0.020867997781475318, 0.07633111480865223, 0.041666666666666664, 0.05553244592346089, 0.013935108153078201, 0.08326400443704936, 0.013935108153078201, 0.05553244592346089, 0.041666666666666664, 0.02780088740987243, 0.06939822518025512, 6.932889628397115E-5, 0.06939822518025512, 0.02780088740987243},
	{0.07633111480865223, 0.007002218524681087, 0.06246533555185801, 0.03473377703826955, 0.03473377703826955, 0.06246533555185801, 0.007002218524681087, 0.07633111480865223, 0.020867997781475318, 0.04859955629506378, 0.04859955629506378, 0.020867997781475318, 0.02780088740987243, 0.041666666666666664, 0.05553244592346089, 0.013935108153078201, 0.08326400443704936, 0.013935108153078201, 0.05553244592346089, 0.041666666666666664, 0.02780088740987243, 0.06939822518025512, 6.932889628397115E-5, 0.06939822518025512},
	{0.020867997781475318, 0.07633111480865223, 0.007002218524681087, 0.06246533555185801, 0.03473377703826955, 0.03473377703826955, 0.06246533555185801, 0.007002218524681087, 0.07633111480865223, 0.020867997781475318, 0.04859955629506378, 0.04859955629506378, 0.06939822518025512, 0.02780088740987243, 0.041666666666666664, 0.05553244592346089, 0.013935108153078201, 0.08326400443704936, 0.013935108153078201, 0.05553244592346089, 0.041666666666666664, 0.02780088740987243, 0.06939822518025512, 6.932889628397115E-5},
	{0.04859955629506378, 0.020867997781475318, 0.07633111480865223, 0.007002218524681087, 0.06246533555185801, 0.03473377703826955, 0.03473377703826955, 0.06246533555185801, 0.007002218524681087, 0.07633111480865223, 0.020867997781475318, 0.04859955629506378, 6.932889628397115E-5, 0.06939822518025512, 0.02780088740987243, 0.041666666666666664, 0.05553244592346089, 0.013935108153078201, 0.08326400443704936, 0.013935108153078201, 0.05553244592346089, 0.041666666666666664, 0.02780088740987243, 0.06939822518025512},
	{0.04859955629506378, 0.04859955629506378, 0.020867997781475318, 0.07633111480865223, 0.007002218524681087, 0.06246533555185801, 0.03473377703826955, 0.03473377703826955, 0.06246533555185801, 0.007002218524681087, 0.07633111480865223, 0.020867997781475318, 0.06939822518025512, 6.932889628397115E-5, 0.06939822518025512, 0.02780088740987243, 0.041666666666666664, 0.05553244592346089, 0.013935108153078201, 0.08326400443704936, 0.013935108153078201, 0.05553244592346089, 0.041666666666666664, 0.02780088740987243},
	{0.020867997781475318, 0.04859955629506378, 0.04859955629506378, 0.020867997781475318, 0.07633111480865223, 0.007002218524681087, 0.06246533555185801, 0.03473377703826955, 0.03473377703826955, 0.06246533555185801, 0.007002218524681087, 0.07633111480865223, 0.02780088740987243, 0.06939822518025512, 6.932889628397115E-5, 0.06939822518025512, 0.02780088740987243, 0.041666666666666664, 0.05553244592346089, 0.013935108153078201, 0.08326400443704936, 0.013935108153078201, 0.05553244592346089, 0.041666666666666664},
	{0.07633111480865223, 0.020867997781475318, 0.04859955629506378, 0.04859955629506378, 0.020867997781475318, 0.07633111480865223, 0.007002218524681087, 0.06246533555185801, 0.03473377703826955, 0.03473377703826955, 0.06246533555185801, 0.007002218524681087, 0.041666666666666664, 0.02780088740987243, 0.06939822518025512, 6.932889628397115E-5, 0.06939822518025512, 0.02780088740987243, 0.041666666666666664, 0.05553244592346089, 0.013935108153078201, 0.08326400443704936, 0.013935108153078201, 0.05553244592346089},
	{0.007002218524681087, 0.07633111480865223, 0.020867997781475318, 0.04859955629506378, 0.04859955629506378, 0.020867997781475318, 0.07633111480865223, 0.007002218524681087, 0.06246533555185801, 0.03473377703826955, 0.03473377703826955, 0.06246533555185801, 0.05553244592346089, 0.041666666666666664, 0.02780088740987243, 0.06939822518025512, 6.932889628397115E-5, 0.06939822518025512, 0.02780088740987243, 0.041666666666666664, 0.05553244592346089, 0.013935108153078201, 0.08326400443704936, 0.013935108153078201},
	{0.06246533555185801, 0.007002218524681087, 0.07633111480865223, 0.020867997781475318, 0.04859955629506378, 0.04859955629506378, 0.020867997781475318, 0.07633111480865223, 0.007002218524681087, 0.06246533555185801, 0.03473377703826955, 0.03473377703826955, 0.013935108153078201, 0.05553244592346089, 0.041666666666666664, 0.02780088740987243, 0.06939822518025512, 6.932889628397115E-5, 0.06939822518025512, 0.02780088740987243, 0.041666666666666664, 0.05553244592346089, 0.013935108153078201, 0.08326400443704936}};
	
	Chord[] circleOfFifth = {Chord.CM, Chord.Em, Chord.GM, Chord.Bm, Chord.DM,
			 Chord.Fdm, Chord.AM, Chord.Cdm, Chord.EM, Chord.Gdm, Chord.BM, Chord.Ddm,
			 Chord.FdM, Chord.Adm, Chord.CdM, Chord.Fm, Chord.GdM, Chord.Cm,
			 Chord.DdM, Chord.Gm, Chord.AdM, Chord.Dm, Chord.FM, Chord.Am};
	
	
}
